0                                                 1.0052362283095318E8
0.01                                              1.0233405970271902E8
0.02                                              1.0416394493101099E8
0.03                                              1.0603063651783834E8
0.04                                              1.0794969355847314E8
0.05                                              1.0993129078722875E8
0.06                                              1.1197837045035964E8
0.07                                              1.1408540587611218E8
0.08                                              1.1623804661871143E8
0.09                                              1.1841393939806908E8
0.1                                               1.2058482573082547E8
0.11                                              1.2271967403243795E8
0.12                                              1.2478825138819921E8
0.13                                              1.2676436621336633E8
0.14                                              1.2862812890175533E8
0.15                                              1.303669261370404E8
0.16                                              1.3197520095637102E8
0.17                                              1.3345339863012508E8
0.18                                              1.3480651310976768E8
0.19                                              1.3604259489524627E8
0.2                                               1.3717144556118333E8
0.21                                              1.3820359615590358E8
0.22                                              1.3914957780859777E8
0.23                                              1.4001944549441016E8
0.24                                              1.4082249907324237E8
0.25                                              1.4156714660205668E8
0.26                                              1.422608637518773E8
0.27                                              1.4291021403880477E8
0.28                                              1.4352090459282967E8
0.29                                              1.4409786026963025E8
0.3                                               1.4464530494150203E8
0.31                                              1.451668430684353E8
0.32                                              1.4566553754292545E8
0.33                                              1.4614398169361934E8
0.34                                              1.466043645256188E8
0.35000000000000003                               1.4704852899669954E8
0.36                                              1.4747802354185602E8
0.37                                              1.478941472761321E8
0.38                                              1.482979894033242E8
0.39                                              1.4869046338544214E8
0.4                                               1.4907233641631758E8
0.41000000000000003                               1.4944425471189213E8
0.42                                              1.4980676509093648E8
0.43                                              1.501603332795711E8
0.44                                              1.50505359334055E8
0.45                                              1.5084219054015696E8
0.46                                              1.5117113211420467E8
0.47000000000000003                               1.5149245600035328E8
0.48                                              1.5180640803027192E8
0.49                                              1.5211321368496227E8
0.5                                               1.5241308267340964E8
0.51                                              1.5270621251914933E8
0.52                                              1.5299279132347757E8
0.53                                              1.5327299985301396E8
0.54                                              1.5354701307968062E8
0.55                                              1.538150012830103E8
0.56                                              1.5407713080809054E8
0.5700000000000001                                1.5433356455743948E8
0.58                                              1.5458446228174973E8
0.59                                              1.5482998072262797E8
0.6                                               1.5507027365023234E8
0.61                                              1.553054918298987E8
0.62                                              1.555357829444099E8
0.63                                              1.55761291492316E8
0.64                                              1.559821586775733E8
0.65                                              1.561985223015873E8
0.66                                              1.5641051666536418E8
0.67                                              1.5661827248683926E8
0.68                                              1.568219168363726E8
0.6900000000000001                                1.5702157309183574E8
0.7000000000000001                                1.5721736091355556E8
0.71                                              1.5740939623852676E8
0.72                                              1.575977912927418E8
0.73                                              1.577826546200997E8
0.74                                              1.5796409112614655E8
0.75                                              1.5814220213479832E8
0.76                                              1.5831708545619133E8
0.77                                              1.5848883546384948E8
0.78                                              1.586575431794729E8
0.79                                              1.588232963637535E8
0.8                                               1.5898617961178327E8
0.81                                              1.5914627445176008E8
0.8200000000000001                                1.593036594458428E8
0.8300000000000001                                1.5945841029215732E8
0.84                                              1.596105999270886E8
0.85                                              1.5976029862712178E8
0.86                                              1.5990757410961056E8
0.87                                              1.6005249163196498E8
0.88                                              1.601951140888352E8
0.89                                              1.603355021069583E8
0.9                                               1.6047371413741058E8
0.91                                              1.6060980654506427E8
0.92                                              1.607438336951151E8
0.93                                              1.608758480365783E8
0.9400000000000001                                1.610059001827108E8
0.9500000000000001                                1.611340389883316E8
0.96                                              1.6126031162405398E8
0.97                                              1.613847636474594E8
0.98                                              1.6150743907126445E8
0.99                                              1.6162838042854273E8
1                                                 1.6174762883508363E8
