0                                                 -1.005236228309532E8
-0.01                                             -1.018324182858057E8
-0.02                                             -1.0335398550375308E8
-0.03                                             -1.0499298087111403E8
-0.04                                             -1.0673256140464924E8
-0.05                                             -1.0857072565724923E8
-0.06                                             -1.1050318739532283E8
-0.07                                             -1.1251882521407714E8
-0.08                                             -1.1459851135634679E8
-0.09                                             -1.167157596295346E8
-0.1                                              -1.188388321631355E8
-0.11                                             -1.2093390105587858E8
-0.12                                             -1.2296860624524702E8
-0.13                                             -1.249152228842752E8
-0.14                                             -1.2675279736568633E8
-0.15                                             -1.2846799454910749E8
-0.16                                             -1.3005478254914007E8
-0.17                                             -1.315133052387054E8
-0.18                                             -1.3284836445573792E8
-0.19                                             -1.3406787685560651E8
-0.2                                              -1.3518153542227808E8
-0.21                                             -1.361997707055972E8
-0.22                                             -1.3713301472972745E8
-0.23                                             -1.3799122363533285E8
-0.24                                             -1.387835999477954E8
-0.25                                             -1.3951845771446675E8
-0.26                                             -1.4020318354210418E8
-0.27                                             -1.4084425797222206E8
-0.28                                             -1.4144731189966717E8
-0.29                                             -1.4201720092107314E8
-0.3                                              -1.4255808655510485E8
-0.31                                             -1.4307351753312537E8
-0.32                                             -1.4356650723264283E8
-0.33                                             -1.4403960519764137E8
-0.34                                             -1.44494961865594E8
-0.35000000000000003                              -1.449343863290479E8
-0.36                                             -1.4535939736280006E8
-0.37                                             -1.4577126815803632E8
-0.38                                             -1.461710652973329E8
-0.39                                             -1.465596825282331E8
-0.4                                              -1.4693786987928128E8
-0.41000000000000003                              -1.4730625863003707E8
-0.42                                             -1.476653826069004E8
-0.43                                             -1.4801569623565203E8
-0.44                                             -1.4835758974247107E8
-0.45                                             -1.486914018589259E8
-0.46                                             -1.490174303532504E8
-0.47000000000000003                              -1.4933594067972288E8
-0.48                                             -1.496471730097632E8
-0.49                                             -1.4995134788201398E8
-0.5                                              -1.5024867068385333E8
-0.51                                             -1.5053933515334767E8
-0.52                                             -1.508235260685246E8
-0.53                                             -1.511014212700442E8
-0.54                                             -1.5137319314393836E8
-0.55                                             -1.5163900967316628E8
-0.56                                             -1.5189903515034005E8
-0.5700000000000001                               -1.521534306291872E8
-0.58                                             -1.524023541791017E8
-0.59                                             -1.526459609955088E8
-0.6                                              -1.5288440340863162E8
-0.61                                             -1.531178308245421E8
-0.62                                             -1.5334638962498286E8
-0.63                                             -1.5357022304623827E8
-0.64                                             -1.537894710522089E8
-0.65                                             -1.5400427021263847E8
-0.66                                             -1.5421475359407523E8
-0.67                                             -1.5442105066847023E8
-0.68                                             -1.5462328724223492E8
-0.6900000000000001                               -1.5482158540698993E8
-0.7000000000000001                               -1.550160635120636E8
-0.71                                             -1.552068361579441E8
-0.72                                             -1.5539401420931E8
-0.73                                             -1.555777048258904E8
-0.74                                             -1.557580115091918E8
-0.75                                             -1.559350341630435E8
-0.76                                             -1.5610886916591302E8
-0.77                                             -1.5627960945300978E8
-0.78                                             -1.5644734460631102E8
-0.79                                             -1.566121609507756E8
-0.8                                              -1.567741416551824E8
-0.81                                             -1.5693336683617544E8
-0.8200000000000001                               -1.570899136642785E8
-0.8300000000000001                               -1.572438564707865E8
-0.84                                             -1.5739526685460794E8
-0.85                                             -1.5754421378825226E8
-0.86                                             -1.5769076372231084E8
-0.87                                             -1.5783498068787533E8
-0.88                                             -1.5797692639646095E8
-0.89                                             -1.5811666033707926E8
-0.9                                              -1.5825423987021264E8
-0.91                                             -1.5838972031848508E8
-0.92                                             -1.5852315505391794E8
-0.93                                             -1.5865459558169174E8
-0.9400000000000001                               -1.587840916203906E8
-0.9500000000000001                               -1.5891169117874935E8
-0.96                                             -1.5903744062894526E8
-0.97                                             -1.591613847765111E8
-0.98                                             -1.5928356692696258E8
-0.99                                             -1.5940402894925267E8
-1                                                -1.5952281133617625E8
